encoder_inputs being processed sequential without explicitly putting state_h, state_c as initial state for encode_lstm:

Avg. error: [[-1.56730854e+01 -3.34680617e-02  5.89696586e-02  2.89061762e-01
  -1.38214415e-01]
 [-9.65709584e+00  2.81439483e-02  8.94536376e-02  3.12825494e-01
  -7.94835985e-02]
 [-8.82793217e+00  6.69148147e-02  1.15191686e-01  3.32722023e-01
  -4.47842181e-02]
 [-7.83573565e+00  9.78330851e-02  1.40348703e-01  3.57237768e-01
  -1.45338058e-02]
 [-6.96917460e+00  1.25950426e-01  1.67332649e-01  3.89810807e-01
   1.49895966e-02]
 [-6.45572014e+00  1.47421783e-01  1.88559920e-01  4.17214507e-01
   3.93574417e-02]
 [-6.37012174e+00  1.75106817e-01  2.14593542e-01  4.40843599e-01
   6.18578732e-02]
 [-6.72579513e+00  1.98321897e-01  2.37630808e-01  4.65453258e-01
   8.58097255e-02]
 [-7.51699855e+00  2.18849760e-01  2.59376067e-01  4.91193497e-01
   1.95794606e-01]
 [-8.73126101e+00  2.36895025e-01  2.78449118e-01  5.19803254e-01
   2.13892663e-01]]

Avg. error: [[ 2.83365372e+01 -1.58769786e-01 -3.96830857e-02  4.10747886e-02
  -3.14526463e-01]
 [ 1.92246986e+01 -2.00577587e-01 -9.38717365e-02  1.22029483e-02
  -3.62537646e-01]
 [ 1.66907185e+01 -2.07133335e-01 -1.02127659e-01 -2.55597949e-02
  -3.69817472e-01]
 [ 1.53850791e+01 -2.08302295e-01 -9.32331562e-02 -2.64264882e-02
  -3.73794651e-01]
 [ 1.42683366e+01 -2.05601168e-01 -9.59668279e-02 -2.05067813e-02
  -3.75301993e-01]
 [ 1.31798366e+01 -2.04557121e-01 -1.01901454e-01 -2.09842265e-02
  -3.44060981e-01]
 [ 1.20737480e+01 -2.05317032e-01 -2.36214834e-01 -2.17011034e-02
  -3.44321847e-01]
 [ 1.09341785e+01 -2.04791278e-01 -2.39578003e-01 -1.64220452e-02
  -3.46446848e-01]
 [ 9.75021851e+00 -2.04564518e-01 -2.40144968e-01 -1.60939276e-02
  -3.48905063e-01]
 [ 8.51419969e+00 -2.51536733e-01 -2.42633915e-01 -1.91685379e-02
  -3.51729155e-01]]


Previous all-at-once implementation:

Avg. error: [[ 2.70625836e+01 -2.70431995e-01  1.83504635e-01 -2.07882524e-03
  -4.07924616e-01]
 [ 9.02556260e+00 -1.96346676e-01  3.09414214e-01  9.65263903e-02
  -3.77375817e-01]
 [ 1.15538661e+01 -2.39715087e-01  2.63717431e-01  4.50200438e-02
  -4.09605515e-01]
 [ 1.14480359e+01 -2.36216378e-01  2.69457024e-01  4.02731061e-02
  -4.11540830e-01]
 [ 1.24714820e+01 -2.38215101e-01  2.66764790e-01  4.60015655e-02
  -4.13330972e-01]
 [ 1.38157996e+01 -2.32514727e-01  2.62835598e-01  4.04804885e-02
  -4.07940018e-01]
 [ 1.51445194e+01 -2.36263371e-01  2.57390153e-01  3.16411912e-02
  -4.10587943e-01]
 [ 1.64640468e+01 -2.38269901e-01  2.55303729e-01  3.23187768e-02
  -4.08453751e-01]
 [ 1.78016237e+01 -2.37101412e-01  2.50090414e-01  2.98864663e-02
  -4.07810652e-01]
 [ 1.91590855e+01 -2.37477398e-01  2.44838935e-01  2.58681238e-02
  -4.07124484e-01]]


encoder_inputs being processed sequential with explicitly putting state_h, state_c as initial state for encode_lstm::
#todo: Note: This was an exceptionally good run after like 5 shittier one

  Avg. error: [[ 4.40357401e+00 -2.92363501e-01 -5.19487321e-02  1.35278988e-01
  -4.02303445e-01]
 [-6.78798440e+00 -1.98976278e-01 -1.12726617e-01  2.09103197e-01
  -3.23607659e-01]
 [-1.89078245e+01 -1.83010250e-01 -8.06067348e-02  2.51602089e-01
  -3.20854950e-01]
 [-3.20666597e+01 -1.79827207e-01 -4.72700000e-02  2.92703399e-01
  -3.18980646e-01]
 [-4.62119592e+01 -1.63665581e-01 -2.42456198e-02  3.38170457e-01
  -3.20614743e-01]
 [-6.11279729e+01 -1.52390635e-01 -1.02247596e-02  3.86081222e-01
  -3.15308535e-01]
 [-7.66603415e+01 -1.31252289e-01  6.77548647e-03  4.32818863e-01
  -3.08472788e-01]
 [-9.27047660e+01 -1.22666633e-01  2.57661819e-02  4.84286478e-01
  -3.05238307e-01]
 [-1.09188987e+02 -9.88197148e-02  4.39127266e-02  5.43365785e-01
  -2.96475971e-01]
 [-1.26055007e+02 -7.70772696e-02  6.13389850e-02  5.98930658e-01
  -2.85440791e-01]]

  Avg. error: [[-7.55034320e+00  7.05888331e-02 -2.08984661e-01  2.15665567e-01
  -1.32560116e-01]
 [ 1.16043007e+00  2.72233605e-02 -2.46019995e-01  1.66258836e-01
  -1.65299678e-01]
 [ 5.00814695e+00 -9.83614326e-03 -1.72184730e-01  1.29480311e-01
  -1.71947014e-01]
 [ 9.13794234e+00  4.78714764e-02 -1.69889146e-01  1.03245267e-01
  -1.74426806e-01]
 [ 1.34466140e+01  1.67828441e-02 -1.73884648e-01  7.82224178e-02
  -2.54751015e-01]
 [ 1.77558933e+01 -1.45933807e-02 -1.80070698e-01  5.85116327e-02
  -2.70268524e-01]
 [ 2.19552465e+01 -3.73651803e-02 -1.86067009e-01  3.39111507e-02
  -2.78389323e-01]
 [ 2.59827343e+01 -6.12933576e-02 -2.02282459e-01  1.73181891e-03
  -2.88243032e-01]
 [ 2.98060800e+01 -8.04327488e-02 -2.11179596e-01 -8.08364153e-03
  -2.98112977e-01]
 [ 3.34127419e+01 -9.65882838e-02 -2.23465663e-01 -2.66452312e-02
  -3.11029601e-01]]

  Avg. error: [[-1.99948082e+01 -8.93236995e-03 -6.34630442e-02  4.06855284e-01
  -2.00530368e-01]
 [-2.76257304e+01  1.44461632e-02 -7.62357414e-02  4.41772436e-01
  -1.84781504e-01]
 [-2.79575107e+01  2.59978771e-03 -4.28094566e-02  4.43732305e-01
  -1.92858577e-01]
 [-2.79533207e+01  1.47128701e-03 -1.50635719e-02  4.43598355e-01
  -1.92536449e-01]
 [-2.77609485e+01  5.88942170e-03  7.02324510e-03  4.52367040e-01
  -1.90173531e-01]
 [-2.74525367e+01  1.09351754e-02  2.67988145e-02  4.59913159e-01
  -1.82733315e-01]
 [-2.70569943e+01  1.86981440e-02  4.22675788e-02  4.68935453e-01
  -1.78966522e-01]
 [-2.65961689e+01  2.23126590e-02  5.56896508e-02  4.82322932e-01
  -1.73183638e-01]
 [-2.61195408e+01  3.23920250e-02  7.05605745e-02  4.96896444e-01
  -1.64145148e-01]
 [-2.56391278e+01  3.61751854e-02  8.09384525e-02  4.93816413e-01
  -1.55215764e-01]]

  Avg. error: [[ 1.75102506e+00 -2.63709944e-01 -2.50748110e-01  1.72798574e-02
  -6.08699906e-01]
 [ 1.76330760e+00 -2.70875978e-01 -2.66666317e-01  8.88543725e-03
  -5.95602012e-01]
 [ 5.76527162e+00 -2.55063802e-01 -2.43301761e-01  1.79041564e-02
  -5.45569789e-01]
 [ 1.03266639e+01 -2.42521232e-01 -2.19904017e-01  2.19168663e-02
  -4.94684339e-01]
 [ 1.49716502e+01 -2.18418622e-01 -1.94425952e-01  3.18004370e-02
  -4.45878947e-01]
 [ 1.96393843e+01 -1.95752037e-01 -1.68945843e-01  5.64538300e-02
  -4.00985217e-01]
 [ 2.43224037e+01 -1.71619111e-01 -1.48731470e-03  7.68440455e-02
  -3.58212399e-01]
 [ 2.90189717e+01 -1.52442408e-01  2.18530655e-02  9.11747068e-02
  -3.17310059e-01]
 [ 3.37261950e+01 -1.22751629e-01  5.09318650e-02  1.07050195e-01
  -2.76499546e-01]
 [ 3.84419214e+01 -9.51907754e-02  8.24896038e-02  1.33656242e-01
  -3.23101771e-01]]